#' Pencil Case
#'
#' A list of palettes
#'
#' @export
pencil_case <- list(
  remission = list(
    pal = c('#0a080b', '#352b43', '#865d7b', '#98819d', '#8996a7', '#7791a8',  '#446783', '#61542a'),
    cat = c('#61542a', '#446783', '#865d7b', '#0a080b', '#7791a8', '#98819d', '#8996a7', '#352b43'),
    div = c('#5C4155', '#865D7B', '#98819D', '#7791A8', '#446783', '#2F485C')
  ),
  leviathan = list(
    pal = c('#2F0F13', '#66211C', '#7C6A3F', '#C2D2D0', '#97AFAE', '#5F8B8C', '#355355', '#0C87A2'),
    cat = c('#66211C', '#7C6A3F', '#0C87A2', '#355355', '#2F0F13', '#97AFAE', '#5F8B8C',  '#C2D2D0'),
    seq = c('#C2D2D0', '#97AFAE', '#5F8B8C', '#355355')
  ),
  crack_the_skye = list(
    pal = c('#912716', '#bf7b29', '#4b7d57', '#2f3c68', '#8d7ca9', '#b2b7a6', '#332b28', '#151413'),
    cat = c('#912716', '#bf7b29', '#4b7d57', '#2f3c68', '#8d7ca9', '#b2b7a6', '#332b28', '#151413')
  ),
  once_more_around_the_sun = list(
    pal = c('#151412', '#720f08', '#d9200d', '#b7a62e', '#cecfc0', '#769879', '#577e2f', '#2a4831'),
    div = c('#720F08', '#C41C0C', '#C47020', '#90952E', '#4D732F', '#2A4831')
  )
)
