#' Pencil Case
#'
#' A list of palettes
#'
#' @export
pencil_case <- list(
  remission = list(
    cat = c('#61542a', '#446783', '#865d7b', '#0a080b', '#7791a8', '#98819d', '#8996a7', '#352b43'),
    div = c('#5C4155', '#865D7B', '#98819D', '#7791A8', '#446783', '#2F485C'),
    seq = c('#0a080b', '#352b43', '#865d7b', '#98819d')
  ),
  leviathan = list(
    cat = c('#66211C', '#7C6A3F', '#0C87A2', '#355355', '#2F0F13', '#97AFAE', '#5F8B8C',  '#C2D2D0'),
    seq = c('#C2D2D0', '#97AFAE', '#5F8B8C', '#355355')
  ),
  crack_the_skye = list(
    cat = c('#912716', '#bf7b29', '#4b7d57', '#2f3c68', '#8d7ca9', '#b2b7a6', '#332b28', '#151413')
  ),
  once_more_around_the_sun = list(
    cat = c('#151412', '#720f08', '#d9200d', '#b7a62e', '#cecfc0', '#769879', '#577e2f', '#2a4831'),
    div = c('#720F08', '#C41C0C', '#C47020', '#90952E', '#4D732F', '#2A4831')
  ),
  emperor_of_sand = list(
    cat = c('#392B26', '#614640', '#978E86', '#EBD0A2', '#F6B45C', '#EF7945', '#C86446', '#984E3A'),
    div = c('#392B26', '#614640', '#978E86', '#EBD0A2', '#F6B45C', '#EF7945', '#C86446', '#984E3A'),
    seq = c('#EBD0A2', '#F6B45C', '#EF7945', '#C86446', '#984E3A')
  ),
  mountains_in_autumn = list(
    cat = c('#c06e08', '#da980a', '#68603c', '#355238', '#093c34', '#131c0d', '#245f84', '#3298d1'),
    div = c('#965b0d', '#c06e08', '#da980a', '#355238', '#093c34', '#131c0d')
  ),
  mountains_in_summer = list(
    cat = c('#061a15', '#0e2b23', '#1f3f31', '#365236', '#095079', '#053d5f', '#032d43', '#001E2F'),
    div = c('#061a15', '#0e2b23', '#1f3f31', '#365236', '#095079', '#053d5f', '#032d43', '#001E2F')
  ),
  jupiter = list(
    cat = c('#191822', '#38343a', '#564b4a', '#d2bca8', '#c59784', '#9c6861'),
    div = c('#191822', '#38343a', '#564b4a', '#d2bca8', '#c59784', '#9c6861')
  ),
  colorado_mountains = list(
    cat = c('#0F1713', '#2B291F', '#49392D', '#664F3D', '#826952', '#9D8468', '#C8A887', '#D8D2CC', '#919AA0', '#545E5F', '#384945', '#1D3335'),
    div = c('#49392D', '#664F3D', '#826952', '#9D8468', '#C8A887', '#D8D2CC', '#919AA0', '#545E5F', '#384945', '#1D3335')
  ),
  graffiti = list(
    cat = c('#2A1E0F', '#516367', '#7AA3BA', '#D4E2E4', '#E1CF8C', '#CBAA4C', '#BE8311', '#7C490E'),
    div = c('#2A1E0F', '#516367', '#7AA3BA', '#D4E2E4', '#E1CF8C', '#CBAA4C', '#BE8311', '#7C490E'),
    seq = c('#E1CF8C', '#CBAA4C', '#BE8311', '#7C490E')
  ),
  secret_of_mana = list(
    cat = c('#E92E2C', '#F1E32F', '#91A14A', '#373321')
  )
)
